Month,Exports £m,Imports £m,Trade Balance £m
2015-01,44122,48848,-4726
2015-02,43904,48148,-4244
2015-03,44995,46779,-1784
2015-04,45395,46813,-1418
2015-05,45936,46443,-507
2015-06,45364,46454,-1090
2015-07,42900,46488,-3588
2015-08,42921,44892,-1971
2015-09,43967,46296,-2329
2015-10,43630,47970,-4340
2015-11,44691,46775,-2084
2015-12,45829,46718,-889
2016-01,45244,46236,-992
2016-02,45273,48754,-3481
2016-03,45451,48891,-3440
2016-04,48063,50492,-2429
2016-05,47514,47851,-337
2016-06,46920,50491,-3571
2016-07,47142,51978,-4836
2016-08,48055,54487,-6432
2016-09,48620,54031,-5411
2016-10,50218,51947,-1729
2016-11,51211,53984,-2773
2016-12,51921,54246,-2325
2017-01,52044,54035,-1991
2017-02,52295,54048,-1753
2017-03,53098,56155,-3057
2017-04,53703,54628,-925
2017-05,53195,55676,-2481
2017-06,53537,57756,-4219
2017-07,53798,56383,-2585
2017-08,54424,57041,-2617
2017-09,55271,56977,-1706
2017-10,54204,55482,-1278
2017-11,54139,57088,-2949
2017-12,53578,55942,-2364
2018-01,55061,58378,-3317
2018-02,54540,55432,-892
2018-03,55444,58749,-3305
2018-04,55596,58266,-2670
2018-05,56449,58838,-2389
2018-06,57462,58201,-739
2018-07,57464,58792,-1328
2018-08,56918,60375,-3457
2018-09,57995,58863,-868
2018-10,58496,61329,-2833
2018-11,58324,61626,-3302
2018-12,55951,60605,-4654
2019-01,56457,65117,-8660
2019-02,55939,65640,-9701
2019-03,57185,66635,-9450
2019-04,54652,60491,-5839
2019-05,56626,59983,-3357
2019-06,58333,59621,-1288
2019-07,61095,61259,-164
2019-08,59491,62180,-2689
2019-09,59601,61799,-2198
2019-10,60786,62599,-1813
2019-11,62003,56283,5720
2019-12,64528,56265,8263
2020-01,60682,57565,3117
2020-02,56854,58156,-1302
2020-03,54043,52179,1864
2020-04,49053,40145,8908
2020-05,48549,38992,9557
2020-06,49618,45320,4298
2020-07,49313,47954,1359
2020-08,49219,47488,1731
2020-09,49293,51743,-2450
2020-10,52076,54949,-2873
2020-11,52661,57105,-4444
2020-12,53444,60385,-6941
2021-01,48745,50885,-2140
2021-02,52282,53190,-908
2021-03,55490,52627,2863
2021-04,56349,53190,3159
2021-05,57608,53342,4266
2021-06,56220,55476,744
2021-07,54378,57771,-3393
2021-08,53216,56705,-3489
2021-09,55416,59310,-3894
2021-10,60762,59368,1394
2021-11,62231,62640,-409
2021-12,63329,65040,-1711
2022-01,57022,69766,-12744
2022-02,60181,70041,-9860
2022-03,61929,72733,-10804
2022-04,64683,73953,-9270
2022-05,68171,76826,-8655
2022-06,66227,75914,-9687
2022-07,71922,76247,-4325
2022-08,77551,80605,-3054
2022-09,77950,78165,-215
2022-10,78750,74596,4154
2022-11,78213,76962,1251
2022-12,75162,78781,-3619
2023-01,73113,75707,-2594
2023-02,72904,75136,-2232
2023-03,73286,75458,-2172
2023-04,72796,73791,-995
2023-05,72190,77004,-4814
2023-06,72542,74290,-1748
2023-07,72594,73880,-1286
2023-08,71677,74285,-2608
2023-09,69866,71112,-1246
2023-10,72075,75273,-3198
2023-11,72146,73554,-1408
