Year,Total Inventories £m 2019 prices
1997,200097.9018826734
1998,218567.58101482654
1999,297658.326104131
2000,221782.87137628012
2001,231100.64665570293
2002,235862.31733164162
2003,235116.4251283603
2004,235464.8916031477
2005,234709.55228718452
2006,239454.03894864974
2007,236831.75797057454
2008,224289.09238526964
2009,196920.53261451548
2010,191684.6270257315
2011,189373.40846251915
2012,192978.988174923
2013,194595.93020583523
2014,216403.6032160455
2015,231063.58591350558
2016,213597.2716354481
2017,212609.60518440427
2018,206151.89315341826
2019,207371.0
2020,206183.64951235967
2021,188704.6271905889
2022,190713.79756825266
